{
  "files": {
    "C:\\Users\\313\\Documents\\GitHub\\Enlil\\Monte-Carlo-Simulation-2.py": {
      "comment_ratio": 30.277185501066096,
      "cyclomatic_complexity": 3,
      "fanout_external": 1,
      "fanout_internal": 0,
      "halstead_bugprop": 0.17669966840379853,
      "halstead_difficulty": 13.578947368421051,
      "halstead_effort": 7198.186491817897,
      "halstead_timerequired": 399.89924954543875,
      "halstead_volume": 530.0990052113956,
      "lang": [
        "Python"
      ],
      "loc": 20,
      "operands_sum": 43,
      "operands_uniq": 19,
      "operators_sum": 64,
      "operators_uniq": 12
    }
  },
  "overall": {
    "comment_ratio": 30.277185501066096,
    "cyclomatic_complexity": 3,
    "fanout_external": 1,
    "fanout_internal": 0,
    "halstead_bugprop": 0.17669966840379853,
    "halstead_difficulty": 13.578947368421051,
    "halstead_effort": 7198.186491817897,
    "halstead_timerequired": 399.89924954543875,
    "halstead_volume": 530.0990052113956,
    "loc": 20,
    "maintainability_index": 89.15920545321582,
    "operands_sum": 43,
    "operands_uniq": 19,
    "operators_sum": 64,
    "operators_uniq": 12,
    "pylint": 100.0,
    "tiobe": 97.0,
    "tiobe_compiler": 100.0,
    "tiobe_complexity": 80.0,
    "tiobe_coverage": 100.0,
    "tiobe_duplication": 100.0,
    "tiobe_fanout": 100.0,
    "tiobe_functional": 100.0,
    "tiobe_security": 100.0,
    "tiobe_standard": 100.0
  },
  "stats": {
    "max": {
      "comment_ratio": 30.277185501066096,
      "cyclomatic_complexity": 3,
      "fanout_external": 1,
      "fanout_internal": 0,
      "halstead_bugprop": 0.17669966840379853,
      "halstead_difficulty": 13.578947368421051,
      "halstead_effort": 7198.186491817897,
      "halstead_timerequired": 399.89924954543875,
      "halstead_volume": 530.0990052113956,
      "loc": 20,
      "operands_sum": 43,
      "operands_uniq": 19,
      "operators_sum": 64,
      "operators_uniq": 12
    },
    "mean": {
      "comment_ratio": 30.277185501066096,
      "cyclomatic_complexity": 3,
      "fanout_external": 1,
      "fanout_internal": 0,
      "halstead_bugprop": 0.17669966840379853,
      "halstead_difficulty": 13.578947368421051,
      "halstead_effort": 7198.186491817897,
      "halstead_timerequired": 399.89924954543875,
      "halstead_volume": 530.0990052113956,
      "loc": 20,
      "operands_sum": 43,
      "operands_uniq": 19,
      "operators_sum": 64,
      "operators_uniq": 12
    },
    "median": {
      "comment_ratio": 30.277185501066096,
      "cyclomatic_complexity": 3,
      "fanout_external": 1,
      "fanout_internal": 0,
      "halstead_bugprop": 0.17669966840379853,
      "halstead_difficulty": 13.578947368421051,
      "halstead_effort": 7198.186491817897,
      "halstead_timerequired": 399.89924954543875,
      "halstead_volume": 530.0990052113956,
      "loc": 20,
      "operands_sum": 43,
      "operands_uniq": 19,
      "operators_sum": 64,
      "operators_uniq": 12
    },
    "min": {
      "comment_ratio": 30.277185501066096,
      "cyclomatic_complexity": 3,
      "fanout_external": 1,
      "fanout_internal": 0,
      "halstead_bugprop": 0.17669966840379853,
      "halstead_difficulty": 13.578947368421051,
      "halstead_effort": 7198.186491817897,
      "halstead_timerequired": 399.89924954543875,
      "halstead_volume": 530.0990052113956,
      "loc": 20,
      "operands_sum": 43,
      "operands_uniq": 19,
      "operators_sum": 64,
      "operators_uniq": 12
    }
  }
}
